0.000000
0.033333
0.042067
0.048933
0.054267
0.058533
0.062433
0.065400
0.068467
0.071033
0.077000
0.080333
0.082633
0.085533
0.000000
0.089900
0.093600
0.097267
0.100633
0.104733
0.109233
0.114700
0.119533
0.125233
0.129967
0.135800
0.143533
0.149633
0.156300
0.162800
0.171467
0.178433
0.184300
0.193167
0.203433
0.212600
0.224100
0.236767
0.248067
0.262800
0.278733
0.294767
0.314533
0.332833
0.351467
0.376467
0.410333
0.438267
0.471133
0.511567
0.553000
0.609467
0.663867
0.729500
0.808167
0.899733
1.002167
1.112133
1.234033
1.330700
1.451233
1.555700
1.631800
1.673567
1.703733
1.716767
1.713700
1.699433
1.676767
1.648567
1.609067
1.569167
1.525900
1.493500
1.456900
1.424667
1.397700
1.371900
1.351500
1.331467
1.309733
1.288367
1.269167
1.254233
1.239633
1.223667
1.209567
1.195800
1.183633
1.171067
1.158000
1.147033
1.136333
1.124633
1.113367
1.103500
1.091533
1.080267
1.070733
1.058467
